159
0,0
0,1
0,2
0,3
0,4
0,5
0,6
0,7
0,8
0,9
0,10
0,11
0,12
0,13
0,14
0,15
0,16
0,17
0,18
0,19
0,20
0,21
0,22
0,23
0,24
0,25
0,26
0,27
0,28
0,29
0,30
0,31
0,32
0,33
0,34
0,35
0,36
0,37
0,38
0,39
0,40
0,41
0,42
0,43
0,44
0,45
0,46
0,47
0,48
0,49
0,50
0,51
0,52
0,53
0,54
0,55
0,56
0,57
0,58
0,59
0,60
0,61
0,62
0,63
0,64
0,65
0,66
0,67
0,68
0,69
0,70
0,71
0,72
0,73
0,74
0,75
0,76
0,77
0,78
0,79
0,80
0,81
0,82
0,83
0,84
0,85
0,86
0,87
0,88
0,89
0,90
0,91
0,92
0,93
0,94
0,95
0,96
0,97
0,98
0,99
0,100
0,101
0,102
0,103
0,104
0,105
0,106
0,107
0,108
0,109
0,110
0,111
0,112
0,113
0,114
0,115
0,116
0,117
0,118
0,119
0,120
0,121
0,122
0,123
0,124
0,125
0,126
0,127
0,128
0,129
0,130
0,131
0,132
0,133
0,134
0,135
0,136
0,137
0,138
0,139
0,140
0,141
0,142
0,143
0,144
0,145
0,146
0,147
0,148
0,149
0,150
0,151
0,152
0,153
0,154
0,155
0,156
0,157
0,158
1,0
1,1
1,2
1,3
1,4
1,5
1,6
1,7
1,8
1,9
1,10
1,11
1,12
1,13
1,14
1,15
1,16
1,17
1,18
1,19
1,20
1,21
1,22
1,23
1,24
1,25
1,26
1,27
1,28
1,29
1,30
1,31
1,32
1,33
1,34
1,35
1,36
1,37
1,38
1,39
1,40
1,41
1,42
1,43
1,44
1,45
1,46
1,47
1,48
1,49
1,50
1,51
1,52
1,53
1,54
1,55
1,56
1,57
1,58
1,59
1,60
1,61
1,62
1,63
1,64
1,65
1,66
1,67
1,68
1,69
1,70
1,71
1,72
1,73
1,74
1,75
1,76
1,77
1,78
1,79
1,80
1,81
1,82
1,83
1,84
1,85
1,86
1,87
1,88
1,89
1,90
1,91
1,92
1,93
1,94
1,95
1,96
1,97
1,98
1,99
1,100
1,101
1,102
1,103
1,104
1,105
1,106
1,107
1,108
1,109
1,110
1,111
1,112
1,113
1,114
1,115
1,116
1,117
1,118
1,119
1,120
1,121
1,122
1,123
1,124
1,125
1,126
1,127
1,128
1,129
1,130
1,131
1,132
1,133
1,134
1,135
1,136
1,137
1,138
1,139
1,140
1,141
1,142
1,143
1,144
1,145
1,146
1,147
1,148
1,149
1,150
1,151
1,152
1,153
1,154
1,155
1,156
1,157
1,158
2,0
2,1
2,2
2,3
2,4
2,5
2,6
2,7
2,8
2,9
2,10
2,11
2,12
2,13
2,14
2,15
2,16
2,17
2,18
2,19
2,20
2,21
2,22
2,23
2,24
2,25
2,26
2,27
2,28
2,29
2,30
2,31
2,32
2,33
2,34
2,35
2,36
2,37
2,38
2,39
2,40
2,41
2,42
2,43
2,44
2,45
2,46
2,47
2,48
2,49
2,50
2,51
2,52
2,53
2,54
2,55
2,56
2,57
2,58
2,59
2,60
2,61
2,62
2,63
2,64
2,65
2,66
2,67
2,68
2,69
2,70
2,71
2,72
2,73
2,74
2,75
2,76
2,77
2,78
2,79
2,80
2,81
2,82
2,83
2,84
2,85
2,86
2,87
2,88
2,89
2,90
2,91
2,92
2,93
2,94
2,95
2,96
2,97
2,98
2,99
2,100
2,101
2,102
2,103
2,104
2,105
2,106
2,107
2,108
2,109
2,110
2,111
2,112
2,113
2,114
2,115
2,116
2,117
2,118
2,119
2,120
2,121
2,122
2,123
2,124
2,125
2,126
2,127
2,128
2,129
2,130
2,131
2,132
2,133
2,134
2,135
2,136
2,137
2,138
2,139
2,140
2,141
2,142
2,143
2,144
2,145
2,146
2,147
2,148
2,149
2,150
2,151
2,152
2,153
2,154
2,155
2,156
2,157
2,158
3,0
3,1
3,2
3,3
3,4
3,5
3,6
3,7
3,8
3,9
3,10
3,11
3,12
3,13
3,14
3,15
3,16
3,17
3,18
3,19
3,20
3,21
3,22
3,23
3,24
3,25
3,26
3,27
3,28
3,29
3,30
3,31
3,32
3,33
3,34
3,35
3,36
3,37
3,38
3,39
3,40
3,41
3,42
3,43
3,44
3,45
3,46
3,47
3,48
3,49
3,50
3,51
3,52
3,53
3,54
3,55
3,56
3,57
3,58
3,59
3,60
3,61
3,62
3,63
3,64
3,65
3,66
3,67
3,68
3,69
3,70
3,71
3,72
3,73
3,74
3,75
3,76
3,77
3,78
3,79
3,80
3,81
3,82
3,83
3,84
3,85
3,86
3,87
3,88
3,89
3,90
3,91
3,92
3,93
3,94
3,95
3,96
3,97
3,98
3,99
3,100
3,101
3,102
3,103
3,104
3,105
3,106
3,107
3,108
3,109
3,110
3,111
3,112
3,113
3,114
3,115
3,116
3,117
3,118
3,119
3,120
3,121
3,122
3,123
3,124
3,125
3,126
3,127
3,128
3,129
3,130
3,131
3,132
3,133
3,134
3,135
3,136
3,137
3,138
3,139
3,140
3,141
3,142
3,143
3,144
3,145
3,146
3,147
3,148
3,149
3,150
3,151
3,152
3,153
3,154
3,155
3,156
3,157
3,158
4,0
4,1
4,2
4,3
4,4
4,5
4,6
4,7
4,8
4,9
4,10
4,11
4,12
4,13
4,14
4,15
4,16
4,17
4,18
4,19
4,20
4,21
4,22
4,23
4,24
4,25
4,26
4,27
4,28
4,29
4,30
4,31
4,32
4,33
4,34
4,35
4,36
4,37
4,38
4,39
4,40
4,41
4,42
4,43
4,44
4,45
4,46
4,47
4,48
4,49
4,50
4,51
4,52
4,53
4,54
4,55
4,56
4,57
4,58
4,59
4,60
4,61
4,62
4,63
4,64
4,65
4,66
4,67
4,68
4,69
4,70
4,71
4,72
4,73
4,74
4,75
4,76
4,77
4,78
4,79
4,80
4,81
4,82
4,83
4,84
4,85
4,86
4,87
4,88
4,89
4,90
4,91
4,92
4,93
4,94
4,95
4,96
4,97
4,98
4,99
4,100
4,101
4,102
4,103
4,104
4,105
4,106
4,107
4,108
4,109
4,110
4,111
4,112
4,113
4,114
4,115
4,116
4,117
4,118
4,119
4,120
4,121
4,122
4,123
4,124
4,125
4,126
4,127
4,128
4,129
4,130
4,131
4,132
4,133
4,134
4,135
4,136
4,137
4,138
4,139
4,140
4,141
4,142
4,143
4,144
4,145
4,146
4,147
4,148
4,149
4,150
4,151
4,152
4,153
4,154
4,155
4,156
4,157
4,158
5,0
5,1
5,2
5,3
5,4
5,5
5,6
5,7
5,8
5,9
5,10
5,11
5,12
5,13
5,14
5,15
5,16
5,17
5,18
5,19
5,20
5,21
5,22
5,23
5,24
5,25
5,26
5,27
5,28
5,29
5,30
5,31
5,32
5,33
5,34
5,35
5,36
5,37
5,38
5,39
5,40
5,41
5,42
5,43
5,44
5,45
5,46
5,47
5,48
5,49
5,50
5,51
5,52
5,53
5,54
5,55
5,56
5,57
5,58
5,59
5,60
5,61
5,62
5,63
5,64
5,65
5,66
5,67
5,68
5,69
5,70
5,71
5,72
5,73
5,74
5,75
5,76
5,77
5,78
5,79
5,80
5,81
5,82
5,83
5,84
5,85
5,86
5,87
5,88
5,89
5,90
5,91
5,92
5,93
5,94
5,95
5,96
5,97
5,98
5,99
5,100
5,101
5,102
5,103
5,104
5,105
5,106
5,107
5,108
5,109
5,110
5,111
5,112
5,113
5,114
5,115
5,116
5,117
5,118
5,119
5,120
5,121
5,122
5,123
5,124
5,125
5,126
5,127
5,128
5,129
5,130
5,131
5,132
5,133
5,134
5,135
5,136
5,137
5,138
5,139
5,140
5,141
5,142
5,143
5,144
5,145
5,146
5,147
5,148
5,149
5,150
5,151
5,152
5,153
5,154
5,155
5,156
5,157
5,158
6,0
6,1
6,2
6,3
6,4
6,5
6,6
6,7
6,8
6,9
6,10
6,11
6,12
6,13
6,14
6,15
6,16
6,17
6,18
6,19
6,20
6,21
6,22
6,23
6,24
6,25
6,26
6,27
6,28
6,29
6,30
6,31
6,32
6,33
6,34
6,35
6,36
6,37
6,38
6,39
6,40
6,41
6,42
6,43
6,44
6,45
6,46
6,47
6,48
6,49
6,50
6,51
6,52
6,53
6,54
6,55
6,56
6,57
6,58
6,59
6,60
6,61
6,62
6,63
6,64
6,65
6,66
6,67
6,68
6,69
6,70
6,71
6,72
6,73
6,74
6,75
6,76
6,77
6,78
6,79
6,80
6,81
6,82
6,83
6,84
6,85
6,86
6,87
6,88
6,89
6,90
6,91
6,92
6,93
6,94
6,95
6,96
6,97
6,98
6,99
6,100
6,101
6,102
6,103
6,104
6,105
6,106
6,107
6,108
6,109
6,110
6,111
6,112
6,113
6,114
6,115
6,116
6,117
6,118
6,119
6,120
6,121
6,122
6,123
6,124
6,125
6,126
6,127
6,128
6,129
6,130
6,131
6,132
6,133
6,134
6,135
6,136
6,137
6,138
6,139
6,140
6,141
6,142
6,143
6,144
6,145
6,146
6,147
6,148
6,149
6,150
6,151
6,152
6,153
6,154
6,155
6,156
6,157
6,158
7,0
7,1
7,2
7,3
7,4
7,5
7,6
7,7
7,8
7,9
7,10
7,11
7,12
7,13
7,14
7,15
7,16
7,17
7,18
7,19
7,20
7,21
7,22
7,23
7,24
7,25
7,26
7,27
7,28
7,29
7,30
7,31
7,32
7,33
7,34
7,35
7,36
7,37
7,38
7,39
7,40
7,41
7,42
7,43
7,44
7,45
7,46
7,47
7,48
7,49
7,50
7,51
7,52
7,53
7,54
7,55
7,56
7,57
7,58
7,59
7,60
7,61
7,62
7,63
7,64
7,65
7,66
7,67
7,68
7,69
7,70
7,71
7,72
7,73
7,74
7,75
7,76
7,77
7,78
7,79
7,80
7,81
7,82
7,83
7,84
7,85
7,86
7,87
7,88
7,89
7,90
7,91
7,92
7,93
7,94
7,95
7,96
7,97
7,98
7,99
7,100
7,101
7,102
7,103
7,104
7,105
7,106
7,107
7,108
7,109
7,110
7,111
7,112
7,113
7,114
7,115
7,116
7,117
7,118
7,119
7,120
7,121
7,122
7,123
7,124
7,125
7,126
7,127
7,128
7,129
7,130
7,131
7,132
7,133
7,134
7,135
7,136
7,137
7,138
7,139
7,140
7,141
7,142
7,143
7,144
7,145
7,146
7,147
7,148
7,149
7,150
7,151
7,152
7,153
7,154
7,155
7,156
7,157
7,158
8,0
8,1
8,2
8,3
8,4
8,5
8,6
8,7
8,8
8,9
8,10
8,11
8,12
8,13
8,14
8,15
8,16
8,17
8,18
8,19
8,20
8,21
8,22
8,23
8,24
8,25
8,26
8,27
8,28
8,29
8,30
8,31
8,32
8,33
8,34
8,35
8,36
8,37
8,38
8,39
8,40
8,41
8,42
8,43
8,44
8,45
8,46
8,47
8,48
8,49
8,50
8,51
8,52
8,53
8,54
8,55
8,56
8,57
8,58
8,59
8,60
8,61
8,62
8,63
8,64
8,65
8,66
8,67
8,68
8,69
8,70
8,71
8,72
8,73
8,74
8,75
8,76
8,77
8,78
8,79
8,80
8,81
8,82
8,83
8,84
8,85
8,86
8,87
8,88
8,89
8,90
8,91
8,92
8,93
8,94
8,95
8,96
8,97
8,98
8,99
8,100
8,101
8,102
8,103
8,104
8,105
8,106
8,107
8,108
8,109
8,110
8,111
8,112
8,113
8,114
8,115
8,116
8,117
8,118
8,119
8,120
8,121
8,122
8,123
8,124
8,125
8,126
8,127
8,128
8,129
8,130
8,131
8,132
8,133
8,134
8,135
8,136
8,137
8,138
8,139
8,140
8,141
8,142
8,143
8,144
8,145
8,146
8,147
8,148
8,149
8,150
8,151
8,152
8,153
8,154
8,155
8,156
8,157
8,158
9,0
9,1
9,2
9,3
9,4
9,5
9,6
9,7
9,8
9,9
9,10
9,11
9,12
9,13
9,14
9,15
9,16
9,17
9,18
9,19
9,20
9,21
9,22
9,23
9,24
9,25
9,26
9,27
9,28
9,29
9,30
9,31
9,32
9,33
9,34
9,35
9,36
9,37
9,38
9,39
9,40
9,41
9,42
9,43
9,44
9,45
9,46
9,47
9,48
9,49
9,50
9,51
9,52
9,53
9,54
9,55
9,56
9,57
9,58
9,59
9,60
9,61
9,62
9,63
9,64
9,65
9,66
9,67
9,68
9,69
9,70
9,71
9,72
9,73
9,74
9,75
9,76
9,77
9,78
9,79
9,80
9,81
9,82
9,83
9,84
9,85
9,86
9,87
9,88
9,89
9,90
9,91
9,92
9,93
9,94
9,95
9,96
9,97
9,98
9,99
9,100
9,101
9,102
9,103
9,104
9,105
9,106
9,107
9,108
9,109
9,110
9,111
9,112
9,113
9,114
9,115
9,116
9,117
9,118
9,119
9,120
9,121
9,122
9,123
9,124
9,125
9,126
9,127
9,128
9,129
9,130
9,131
9,132
9,133
9,134
9,135
9,136
9,137
9,138
9,139
9,140
9,141
9,142
9,143
9,144
9,145
9,146
9,147
9,148
9,149
9,150
9,151
9,152
9,153
9,154
9,155
9,156
9,157
9,158
10,0
10,1
10,2
10,3
10,4
10,5
10,6
10,7
10,8
10,9
10,10
10,11
10,12
10,13
10,14
10,15
10,16
10,17
10,18
10,19
10,20
10,21
10,22
10,23
10,24
10,25
10,26
10,27
10,28
10,29
10,30
10,31
10,32
10,33
10,34
10,35
10,36
10,37
10,38
10,39
10,40
10,41
10,42
10,43
10,44
10,45
10,46
10,47
10,48
10,49
10,50
10,51
10,52
10,53
10,54
10,55
10,56
10,57
10,58
10,59
10,60
10,61
10,62
10,63
10,64
10,65
10,66
10,67
10,68
10,69
10,70
10,71
10,72
10,73
10,74
10,75
10,76
10,77
10,78
10,79
10,80
10,81
10,82
10,83
10,84
10,85
10,86
10,87
10,88
10,89
10,90
10,91
10,92
10,93
10,94
10,95
10,96
10,97
10,98
10,99
10,100
10,101
10,102
10,103
10,104
10,105
10,106
10,107
10,108
10,109
10,110
10,111
10,112
10,113
10,114
10,115
10,116
10,117
10,118
10,119
10,120
10,121
10,122
10,123
10,124
10,125
10,126
10,127
10,128
10,129
10,130
10,131
10,132
10,133
10,134
10,135
10,136
10,137
10,138
10,139
10,140
10,141
10,142
10,143
10,144
10,145
10,146
10,147
10,148
10,149
10,150
10,151
10,152
10,153
10,154
10,155
10,156
10,157
10,158
11,0
11,1
11,2
11,3
11,4
11,5
11,6
11,7
11,8
11,9
11,10
11,11
11,12
11,13
11,14
11,15
11,16
11,17
11,18
11,19
11,20
11,21
11,22
11,23
11,24
11,25
11,26
11,27
11,28
11,29
11,30
11,31
11,32
11,33
11,34
11,35
11,36
11,37
11,38
11,39
11,40
11,41
11,42
11,43
11,44
11,45
11,46
11,47
11,48
11,49
11,50
11,51
11,52
11,53
11,54
11,55
11,56
11,57
11,58
11,59
11,60
11,61
11,62
11,63
11,64
11,65
11,66
11,67
11,68
11,69
11,70
11,71
11,72
11,73
11,74
11,75
11,76
11,77
11,78
11,79
11,80
11,81
11,82
11,83
11,84
11,85
11,86
11,87
11,88
11,89
11,90
11,91
11,92
11,93
11,94
11,95
11,96
11,97
11,98
11,99
11,100
11,101
11,102
11,103
11,104
11,105
11,106
11,107
11,108
11,109
11,110
11,111
11,112
11,113
11,114
11,115
11,116
11,117
11,118
11,119
11,120
11,121
11,122
11,123
11,124
11,125
11,126
11,127
11,128
11,129
11,130
11,131
11,132
11,133
11,134
11,135
11,136
11,137
11,138
11,139
11,140
11,141
11,142
11,143
11,144
11,145
11,146
11,147
11,148
11,149
11,150
11,151
11,152
11,153
11,154
11,155
11,156
11,157
11,158
12,0
12,1
12,2
12,3
12,4
12,5
12,6
12,7
12,8
12,9
12,10
12,11
12,12
12,13
12,14
12,15
12,16
12,17
12,18
12,19
12,20
12,21
12,22
12,23
12,24
12,25
12,26
12,27
12,28
12,29
12,30
12,31
12,32
12,33
12,34
12,35
12,36
12,37
12,38
12,39
12,40
12,41
12,42
12,43
12,44
12,45
12,46
12,47
12,48
12,49
12,50
12,51
12,52
12,53
12,54
12,55
12,56
12,57
12,58
12,59
12,60
12,61
12,62
12,63
12,64
12,65
12,66
12,67
12,68
12,69
12,70
12,71
12,72
12,73
12,74
12,75
12,76
12,77
12,78
12,79
12,80
12,81
12,82
12,83
12,84
12,85
12,86
12,87
12,88
12,89
12,90
12,91
12,92
12,93
12,94
12,95
12,96
12,97
12,98
12,99
12,100
12,101
12,102
12,103
12,104
12,105
12,106
12,107
12,108
12,109
12,110
12,111
12,112
12,113
12,114
12,115
12,116
12,117
12,118
12,119
12,120
12,121
12,122
12,123
12,124
12,125
12,126
12,127
12,128
12,129
12,130
12,131
12,132
12,133
12,134
12,135
12,136
12,137
12,138
12,139
12,140
12,141
12,142
12,143
12,144
12,145
12,146
12,147
12,148
12,149
12,150
12,151
12,152
12,153
12,154
12,155
12,156
12,157
12,158
13,0
13,1
13,2
13,3
13,4
13,5
13,6
13,7
13,8
13,9
13,10
13,11
13,12
13,13
13,14
13,15
13,16
13,17
13,18
13,19
13,20
13,21
13,22
13,23
13,24
13,25
13,26
13,27
13,28
13,29
13,30
13,31
13,32
13,33
13,34
13,35
13,36
13,37
13,38
13,39
13,40
13,41
13,42
13,43
13,44
13,45
13,46
13,47
13,48
13,49
13,50
13,51
13,52
13,53
13,54
13,55
13,56
13,57
13,58
13,59
13,60
13,61
13,62
13,63
13,64
13,65
13,66
13,67
13,68
13,69
13,70
13,71
13,72
13,73
13,74
13,75
13,76
13,77
13,78
13,79
13,80
13,81
13,82
13,83
13,84
13,85
13,86
13,87
13,88
13,89
13,90
13,91
13,92
13,93
13,94
13,95
13,96
13,97
13,98
13,99
13,100
13,101
13,102
13,103
13,104
13,105
13,106
13,107
13,108
13,109
13,110
13,111
13,112
13,113
13,114
13,115
13,116
13,117
13,118
13,119
13,120
13,121
13,122
13,123
13,124
13,125
13,126
13,127
13,128
13,129
13,130
13,131
13,132
13,133
13,134
13,135
13,136
13,137
13,138
13,139
13,140
13,141
13,142
13,143
13,144
13,145
13,146
13,147
13,148
13,149
13,150
13,151
13,152
13,153
13,154
13,155
13,156
13,157
13,158
14,0
14,1
14,2
14,3
14,4
14,5
14,6
14,7
14,8
14,9
14,10
14,11
14,12
14,13
14,14
14,15
14,16
14,17
14,18
14,19
14,20
14,21
14,22
14,23
14,24
14,25
14,26
14,28
14,31
14,33
14,34
14,35
14,36
14,37
14,38
14,39
14,40
14,41
14,42
14,43
14,44
14,45
14,46
14,47
14,48
14,49
14,50
14,51
14,52
14,53
14,54
14,55
14,56
14,57
14,58
14,59
14,60
14,61
14,62
14,63
14,64
14,65
14,66
14,67
14,68
14,69
14,70
14,71
14,72
14,73
14,74
14,75
15,0
15,1
15,2
15,3
15,4
15,5
15,6
15,7
15,8
15,9
15,10
15,11
15,12
15,13
15,14
15,15
15,16
15,17
15,18
15,19
15,20
15,21
15,22
15,23
15,24
15,25
15,26
15,27
15,28
15,29
15,30
15,31
15,32
15,33
15,34
15,35
15,36
15,39
15,49
15,50
15,65
16,0
16,1
16,2
16,3
16,4
16,5
16,6
16,7
16,8
16,9
16,10
16,11
16,12
16,13
16,14
16,15
16,16
16,17
16,18
16,19
16,20
16,21
16,22
16,23
16,24
16,25
16,26
16,27
16,28
16,29
16,30
16,31
16,32
16,33
16,34
16,35
16,36
16,39
16,49
16,50
16,65
17,0
17,1
17,2
17,3
17,4
17,5
17,6
17,7
17,8
17,9
17,10
17,11
17,12
17,13
17,14
17,15
17,16
17,17
17,18
17,19
17,20
17,21
17,22
17,23
17,24
17,25
17,26
17,27
17,28
17,29
17,30
17,31
17,32
17,33
17,34
17,35
17,36
17,39
17,49
17,50
17,65
18,0
18,1
18,2
18,3
18,4
18,5
18,6
18,7
18,8
18,9
18,10
18,11
18,12
18,13
18,14
18,15
18,16
18,17
18,18
18,19
18,23
18,24
18,25
18,26
18,28
18,49
18,50
19,0
19,1
19,2
19,3
19,4
19,5
19,6
19,7
19,8
19,9
19,10
19,11
19,12
19,13
19,14
19,15
19,16
19,17
19,18
19,19
19,20
19,21
19,22
19,23
19,24
19,25
19,26
19,27
19,28
19,29
19,30
19,31
19,32
19,33
19,34
19,35
19,36
19,39
19,49
19,50
19,65
20,0
20,1
20,2
20,3
20,4
20,5
20,6
20,7
20,8
20,9
20,10
20,11
20,12
20,13
20,14
20,15
20,16
20,17
20,19
20,20
20,23
20,24
20,25
20,26
20,28
20,49
20,50
21,0
21,1
21,2
21,3
21,4
21,5
21,6
21,7
21,8
21,9
21,10
21,11
21,12
21,13
21,14
21,15
21,16
21,17
21,19
21,21
21,23
21,24
21,25
21,26
21,28
21,49
21,50
22,0
22,1
22,2
22,3
22,4
22,5
22,6
22,7
22,8
22,9
22,10
22,11
22,12
22,13
22,14
22,15
22,16
22,17
22,19
22,22
22,23
22,24
22,25
22,26
22,28
22,49
22,50
23,0
23,1
23,2
23,3
23,4
23,5
23,6
23,7
23,8
23,9
23,10
23,11
23,12
23,13
23,14
23,15
23,16
23,17
23,18
23,19
23,20
23,21
23,22
23,23
23,24
23,25
23,26
23,28
23,31
23,33
23,34
23,35
23,36
23,37
23,38
23,39
23,40
23,41
23,42
23,43
23,44
23,45
23,46
23,47
23,48
23,49
23,50
23,51
23,52
23,53
23,54
23,55
23,56
23,57
23,58
23,59
23,60
23,61
23,62
23,63
23,64
23,65
23,66
23,67
23,68
23,69
23,70
23,71
23,72
23,73
23,74
23,75
24,0
24,1
24,2
24,3
24,4
24,5
24,6
24,7
24,8
24,9
24,10
24,11
24,12
24,13
24,14
24,15
24,16
24,17
24,18
24,19
24,20
24,21
24,22
24,23
24,24
24,25
24,26
24,28
24,31
24,33
24,37
24,45
24,46
24,49
24,50
24,51
24,56
24,57
24,58
24,59
24,60
24,61
24,62
24,63
24,65
24,96
25,0
25,1
25,2
25,3
25,4
25,5
25,6
25,7
25,8
25,9
25,10
25,11
25,12
25,13
25,14
25,15
25,16
25,17
25,18
25,19
25,20
25,21
25,22
25,23
25,24
25,25
25,26
25,28
25,31
25,33
25,34
25,35
25,36
25,37
25,38
25,39
25,40
25,41
25,42
25,43
25,44
25,45
25,46
25,47
25,48
25,49
25,50
25,51
25,52
25,53
25,54
25,55
25,56
25,57
25,58
25,59
25,60
25,61
25,62
25,63
25,64
25,65
25,66
25,67
25,68
25,69
25,70
25,71
25,72
25,73
25,74
25,75
26,0
26,1
26,2
26,3
26,4
26,5
26,6
26,7
26,8
26,9
26,10
26,11
26,12
26,13
26,14
26,15
26,16
26,17
26,18
26,19
26,20
26,21
26,22
26,23
26,24
26,25
26,26
26,27
26,28
26,29
26,30
26,31
26,32
26,33
26,34
26,35
26,36
26,39
26,49
26,50
26,65
27,0
27,1
27,2
27,3
27,4
27,5
27,6
27,7
27,8
27,9
27,10
27,11
27,12
27,13
27,15
27,16
27,17
27,19
27,26
27,27
27,49
27,50
28,0
28,1
28,2
28,3
28,4
28,5
28,6
28,7
28,8
28,9
28,10
28,11
28,12
28,13
28,14
28,15
28,16
28,17
28,18
28,19
28,20
28,21
28,22
28,23
28,24
28,25
28,26
28,28
28,31
28,33
28,34
28,35
28,36
28,37
28,38
28,39
28,40
28,41
28,42
28,43
28,44
28,45
28,46
28,47
28,48
28,49
28,50
28,51
28,52
28,53
28,54
28,55
28,56
28,57
28,58
28,59
28,60
28,61
28,62
28,63
28,64
28,65
28,66
28,67
28,68
28,69
28,70
28,71
28,72
28,73
28,74
28,75
29,0
29,1
29,2
29,3
29,4
29,5
29,6
29,7
29,8
29,9
29,10
29,11
29,12
29,13
29,15
29,16
29,17
29,19
29,26
29,29
29,49
29,50
30,0
30,1
30,2
30,3
30,4
30,5
30,6
30,7
30,8
30,9
30,10
30,11
30,12
30,13
30,15
30,16
30,17
30,19
30,26
30,30
30,49
30,50
31,0
31,1
31,2
31,3
31,4
31,5
31,6
31,7
31,8
31,9
31,10
31,11
31,12
31,13
31,14
31,15
31,16
31,17
31,19
31,23
31,24
31,25
31,26
31,28
31,31
31,49
31,50
32,0
32,1
32,2
32,3
32,4
32,5
32,6
32,7
32,8
32,9
32,10
32,11
32,12
32,13
32,15
32,16
32,17
32,19
32,26
32,32
32,49
32,50
33,0
33,1
33,2
33,3
33,4
33,5
33,6
33,7
33,8
33,9
33,10
33,11
33,12
33,13
33,14
33,15
33,16
33,17
33,19
33,23
33,24
33,25
33,26
33,28
33,33
33,49
33,50
34,0
34,1
34,2
34,3
34,4
34,5
34,6
34,7
34,8
34,9
34,10
34,11
34,12
34,13
34,14
34,15
34,16
34,17
34,19
34,23
34,25
34,26
34,28
34,34
34,35
34,36
34,39
34,49
34,50
34,65
34,66
34,70
34,71
34,72
34,73
34,74
34,76
34,77
34,78
34,79
34,80
34,81
34,82
34,83
34,84
34,85
34,86
34,87
34,88
34,89
34,90
34,91
34,92
34,93
34,94
34,95
34,97
34,98
34,99
34,100
34,101
34,102
34,103
34,104
34,105
34,106
34,107
34,108
34,109
34,110
34,111
34,112
34,113
34,114
34,115
34,116
34,117
34,118
34,119
34,120
34,121
34,122
34,123
34,124
34,125
34,126
34,127
34,128
34,129
34,130
34,131
34,132
34,133
34,134
34,135
34,136
34,137
34,138
34,139
34,140
34,141
34,142
34,143
34,144
34,145
34,146
34,147
34,148
34,149
34,150
34,151
34,152
34,153
34,154
34,155
34,156
34,157
34,158
35,0
35,1
35,2
35,3
35,4
35,5
35,6
35,7
35,8
35,9
35,10
35,11
35,12
35,13
35,14
35,15
35,16
35,17
35,19
35,23
35,25
35,26
35,28
35,34
35,35
35,36
35,39
35,49
35,50
35,65
35,66
35,70
35,71
35,72
35,73
35,74
35,76
35,77
35,78
35,79
35,80
35,81
35,82
35,83
35,84
35,85
35,86
35,87
35,88
35,89
35,90
35,91
35,92
35,93
35,94
35,95
35,97
35,98
35,99
35,100
35,101
35,102
35,103
35,104
35,105
35,106
35,107
35,108
35,109
35,110
35,111
35,112
35,113
35,114
35,115
35,116
35,117
35,118
35,119
35,120
35,121
35,122
35,123
35,124
35,125
35,126
35,127
35,128
35,129
35,130
35,131
35,132
35,133
35,134
35,135
35,136
35,137
35,138
35,139
35,140
35,141
35,142
35,143
35,144
35,145
35,146
35,147
35,148
35,149
35,150
35,151
35,152
35,153
35,154
35,155
35,156
35,157
35,158
36,0
36,1
36,2
36,3
36,4
36,5
36,6
36,7
36,8
36,9
36,10
36,11
36,12
36,13
36,14
36,15
36,16
36,17
36,19
36,23
36,25
36,26
36,28
36,34
36,35
36,36
36,39
36,49
36,50
36,65
36,66
36,70
36,71
36,72
36,73
36,74
36,76
36,77
36,78
36,79
36,80
36,81
36,82
36,83
36,84
36,85
36,86
36,87
36,88
36,89
36,90
36,91
36,92
36,93
36,94
36,95
36,97
36,98
36,99
36,100
36,101
36,102
36,103
36,104
36,105
36,106
36,107
36,108
36,109
36,110
36,111
36,112
36,113
36,114
36,115
36,116
36,117
36,118
36,119
36,120
36,121
36,122
36,123
36,124
36,125
36,126
36,127
36,128
36,129
36,130
36,131
36,132
36,133
36,134
36,135
36,136
36,137
36,138
36,139
36,140
36,141
36,142
36,143
36,144
36,145
36,146
36,147
36,148
36,149
36,150
36,151
36,152
36,153
36,154
36,155
36,156
36,157
36,158
37,0
37,1
37,2
37,3
37,4
37,5
37,6
37,7
37,8
37,9
37,10
37,11
37,12
37,13
37,14
37,23
37,24
37,25
37,28
37,37
37,49
37,50
38,0
38,1
38,2
38,3
38,4
38,5
38,6
38,7
38,8
38,9
38,10
38,11
38,12
38,13
38,14
38,23
38,25
38,28
38,38
38,49
38,50
38,65
39,0
39,1
39,2
39,3
39,4
39,5
39,6
39,7
39,8
39,9
39,10
39,11
39,12
39,13
39,14
39,15
39,16
39,17
39,19
39,23
39,25
39,26
39,28
39,34
39,35
39,36
39,39
39,49
39,50
39,65
39,66
39,70
39,71
39,72
39,73
39,74
39,76
39,77
39,78
39,79
39,80
39,81
39,82
39,83
39,84
39,85
39,86
39,87
39,88
39,89
39,90
39,91
39,92
39,93
39,94
39,95
39,97
39,98
39,99
39,100
39,101
39,102
39,103
39,104
39,105
39,106
39,107
39,108
39,109
39,110
39,111
39,112
39,113
39,114
39,115
39,116
39,117
39,118
39,119
39,120
39,121
39,122
39,123
39,124
39,125
39,126
39,127
39,128
39,129
39,130
39,131
39,132
39,133
39,134
39,135
39,136
39,137
39,138
39,139
39,140
39,141
39,142
39,143
39,144
39,145
39,146
39,147
39,148
39,149
39,150
39,151
39,152
39,153
39,154
39,155
39,156
39,157
39,158
40,0
40,1
40,2
40,3
40,4
40,5
40,6
40,7
40,8
40,9
40,10
40,11
40,12
40,13
40,14
40,23
40,25
40,28
40,40
40,49
40,50
40,65
41,0
41,1
41,2
41,3
41,4
41,5
41,6
41,7
41,8
41,9
41,10
41,11
41,12
41,13
41,14
41,23
41,25
41,28
41,41
41,49
41,50
41,65
42,0
42,1
42,2
42,3
42,4
42,5
42,6
42,7
42,8
42,9
42,10
42,11
42,12
42,13
42,14
42,23
42,25
42,28
42,42
42,49
42,50
42,65
43,0
43,1
43,2
43,3
43,4
43,5
43,6
43,7
43,8
43,9
43,10
43,11
43,12
43,13
43,14
43,23
43,25
43,28
43,43
43,49
43,50
43,65
44,0
44,1
44,2
44,3
44,4
44,5
44,6
44,7
44,8
44,9
44,10
44,11
44,12
44,13
44,14
44,23
44,25
44,28
44,44
44,49
44,50
44,65
45,0
45,1
45,2
45,3
45,4
45,5
45,6
45,7
45,8
45,9
45,10
45,11
45,12
45,13
45,14
45,23
45,24
45,25
45,28
45,45
45,46
45,49
45,50
45,51
45,56
45,57
45,58
45,59
45,60
45,61
45,62
45,63
45,65
45,96
46,0
46,1
46,2
46,3
46,4
46,5
46,6
46,7
46,8
46,9
46,10
46,11
46,12
46,13
46,14
46,23
46,24
46,25
46,28
46,45
46,46
46,49
46,50
46,51
46,56
46,57
46,58
46,59
46,60
46,61
46,62
46,63
46,65
46,96
47,0
47,1
47,2
47,3
47,4
47,5
47,6
47,7
47,8
47,9
47,10
47,11
47,12
47,13
47,14
47,23
47,25
47,28
47,47
47,49
47,50
47,65
48,0
48,1
48,2
48,3
48,4
48,5
48,6
48,7
48,8
48,9
48,10
48,11
48,12
48,13
48,14
48,48
48,49
48,50
48,23
48,25
48,28
49,0
49,1
49,2
49,3
49,4
49,5
49,6
49,7
49,8
49,9
49,10
49,11
49,12
49,13
49,14
49,15
49,16
49,17
49,18
49,19
49,20
49,21
49,22
49,23
49,24
49,25
49,26
49,27
49,28
49,29
49,30
49,31
49,32
49,33
49,34
49,35
49,36
49,37
49,38
49,39
49,40
49,41
49,42
49,43
49,44
49,45
49,46
49,47
49,48
49,49
49,50
49,51
49,52
49,53
49,54
49,55
49,56
49,57
49,58
49,59
49,60
49,61
49,62
49,63
49,64
49,65
49,66
49,67
49,68
49,69
49,70
49,71
49,72
49,73
49,74
49,75
49,76
49,77
49,78
49,79
49,80
49,81
49,82
49,83
49,84
49,85
49,86
49,87
49,88
49,89
49,90
49,91
49,92
49,93
49,94
49,95
49,96
49,97
49,98
49,99
49,100
49,101
49,102
49,103
49,104
49,105
49,106
49,107
49,108
49,109
49,110
49,111
49,112
49,113
49,114
49,115
49,116
49,117
49,118
49,119
49,120
49,121
49,122
49,123
49,124
49,125
49,126
49,127
49,128
49,129
49,130
49,131
49,132
49,133
49,134
49,135
49,136
49,137
49,138
49,139
49,140
49,141
49,142
49,143
49,144
49,145
49,146
49,147
49,148
49,149
49,150
49,151
49,152
49,153
49,154
49,155
49,156
49,157
49,158
50,0
50,1
50,2
50,3
50,4
50,5
50,6
50,7
50,8
50,9
50,10
50,11
50,12
50,13
50,14
50,15
50,16
50,17
50,18
50,19
50,20
50,21
50,22
50,23
50,24
50,25
50,26
50,27
50,28
50,29
50,30
50,31
50,32
50,33
50,34
50,35
50,36
50,37
50,38
50,39
50,40
50,41
50,42
50,43
50,44
50,45
50,46
50,47
50,48
50,49
50,50
50,51
50,52
50,53
50,54
50,55
50,56
50,57
50,58
50,59
50,60
50,61
50,62
50,63
50,64
50,65
50,66
50,67
50,68
50,69
50,70
50,71
50,72
50,73
50,74
50,75
50,76
50,77
50,78
50,79
50,80
50,81
50,82
50,83
50,84
50,85
50,86
50,87
50,88
50,89
50,90
50,91
50,92
50,93
50,94
50,95
50,96
50,97
50,98
50,99
50,100
50,101
50,102
50,103
50,104
50,105
50,106
50,107
50,108
50,109
50,110
50,111
50,112
50,113
50,114
50,115
50,116
50,117
50,118
50,119
50,120
50,121
50,122
50,123
50,124
50,125
50,126
50,127
50,128
50,129
50,130
50,131
50,132
50,133
50,134
50,135
50,136
50,137
50,138
50,139
50,140
50,141
50,142
50,143
50,144
50,145
50,146
50,147
50,148
50,149
50,150
50,151
50,152
50,153
50,154
50,155
50,156
50,157
50,158
51,0
51,1
51,2
51,3
51,4
51,5
51,6
51,7
51,8
51,9
51,10
51,11
51,12
51,13
51,14
51,23
51,24
51,25
51,28
51,45
51,46
51,49
51,50
51,51
51,56
51,57
51,58
51,59
51,60
51,61
51,62
51,63
51,65
51,96
52,0
52,1
52,2
52,3
52,4
52,5
52,6
52,7
52,8
52,9
52,10
52,11
52,12
52,13
52,14
52,23
52,25
52,28
52,49
52,50
52,52
52,65
53,0
53,1
53,2
53,3
53,4
53,5
53,6
53,7
53,8
53,9
53,10
53,11
53,12
53,13
53,14
53,23
53,25
53,28
53,49
53,50
53,53
53,65
54,0
54,1
54,2
54,3
54,4
54,5
54,6
54,7
54,8
54,9
54,10
54,11
54,12
54,13
54,14
54,23
54,25
54,28
54,49
54,50
54,54
54,65
55,0
55,1
55,2
55,3
55,4
55,5
55,6
55,7
55,8
55,9
55,10
55,11
55,12
55,13
55,14
55,23
55,25
55,28
55,49
55,50
55,55
55,65
56,0
56,1
56,2
56,3
56,4
56,5
56,6
56,7
56,8
56,9
56,10
56,11
56,12
56,13
56,14
56,23
56,24
56,25
56,28
56,45
56,46
56,49
56,50
56,51
56,56
56,57
56,58
56,59
56,60
56,61
56,62
56,63
56,65
56,96
57,0
57,1
57,2
57,3
57,4
57,5
57,6
57,7
57,8
57,9
57,10
57,11
57,12
57,13
57,14
57,23
57,24
57,25
57,28
57,45
57,46
57,49
57,50
57,51
57,56
57,57
57,58
57,59
57,60
57,61
57,62
57,63
57,65
57,96
58,0
58,1
58,2
58,3
58,4
58,5
58,6
58,7
58,8
58,9
58,10
58,11
58,12
58,13
58,14
58,23
58,24
58,25
58,28
58,45
58,46
58,49
58,50
58,51
58,56
58,57
58,58
58,59
58,60
58,61
58,62
58,63
58,65
58,96
59,0
59,1
59,2
59,3
59,4
59,5
59,6
59,7
59,8
59,9
59,10
59,11
59,12
59,13
59,14
59,23
59,24
59,25
59,28
59,45
59,46
59,49
59,50
59,51
59,56
59,57
59,58
59,59
59,60
59,61
59,62
59,63
59,65
59,96
60,0
60,1
60,2
60,3
60,4
60,5
60,6
60,7
60,8
60,9
60,10
60,11
60,12
60,13
60,14
60,23
60,24
60,25
60,28
60,45
60,46
60,49
60,50
60,51
60,56
60,57
60,58
60,59
60,60
60,61
60,62
60,63
60,65
60,96
61,0
61,1
61,2
61,3
61,4
61,5
61,6
61,7
61,8
61,9
61,10
61,11
61,12
61,13
61,14
61,23
61,24
61,25
61,28
61,45
61,46
61,49
61,50
61,51
61,56
61,57
61,58
61,59
61,60
61,61
61,62
61,63
61,65
61,96
62,0
62,1
62,2
62,3
62,4
62,5
62,6
62,7
62,8
62,9
62,10
62,11
62,12
62,13
62,14
62,23
62,24
62,25
62,28
62,45
62,46
62,49
62,50
62,51
62,56
62,57
62,58
62,59
62,60
62,61
62,62
62,63
62,65
62,96
63,0
63,1
63,2
63,3
63,4
63,5
63,6
63,7
63,8
63,9
63,10
63,11
63,12
63,13
63,14
63,23
63,24
63,25
63,28
63,45
63,46
63,49
63,50
63,51
63,56
63,57
63,58
63,59
63,60
63,61
63,62
63,63
63,65
63,96
64,0
64,1
64,2
64,3
64,4
64,5
64,6
64,7
64,8
64,9
64,10
64,11
64,12
64,13
64,14
64,23
64,25
64,28
64,49
64,50
64,64
64,65
65,0
65,1
65,2
65,3
65,4
65,5
65,6
65,7
65,8
65,9
65,10
65,11
65,12
65,13
65,14
65,15
65,16
65,17
65,19
65,23
65,24
65,25
65,26
65,28
65,34
65,35
65,36
65,38
65,39
65,40
65,41
65,42
65,43
65,44
65,45
65,46
65,47
65,49
65,50
65,51
65,52
65,53
65,54
65,55
65,56
65,57
65,58
65,59
65,60
65,61
65,62
65,63
65,64
65,65
65,66
65,67
65,68
65,69
65,70
65,71
65,72
65,73
65,74
65,75
65,76
65,77
65,78
65,79
65,80
65,81
65,82
65,83
65,84
65,85
65,86
65,87
65,88
65,89
65,90
65,91
65,92
65,93
65,94
65,95
65,96
65,97
65,98
65,99
65,100
65,101
65,102
65,103
65,104
65,105
65,106
65,107
65,108
65,109
65,110
65,111
65,112
65,113
65,114
65,115
65,116
65,117
65,118
65,119
65,120
65,121
65,122
65,123
65,124
65,125
65,126
65,127
65,128
65,129
65,130
65,131
65,132
65,133
65,134
65,135
65,136
65,137
65,138
65,139
65,140
65,141
65,142
65,143
65,144
65,145
65,146
65,147
65,148
65,149
65,150
65,151
65,152
65,153
65,154
65,155
65,156
65,157
65,158
66,0
66,1
66,2
66,3
66,4
66,5
66,6
66,7
66,8
66,9
66,10
66,11
66,12
66,13
66,14
66,23
66,25
66,28
66,34
66,35
66,36
66,39
66,49
66,50
66,65
66,66
67,0
67,1
67,2
67,3
67,4
67,5
67,6
67,7
67,8
67,9
67,10
67,11
67,12
67,13
67,14
67,23
67,25
67,28
67,49
67,50
67,65
67,67
68,0
68,1
68,2
68,3
68,4
68,5
68,6
68,7
68,8
68,9
68,10
68,11
68,12
68,13
68,14
68,23
68,25
68,28
68,49
68,50
68,65
68,68
69,0
69,1
69,2
69,3
69,4
69,5
69,6
69,7
69,8
69,9
69,10
69,11
69,12
69,13
69,14
69,23
69,25
69,28
69,49
69,50
69,65
69,69
70,0
70,1
70,2
70,3
70,4
70,5
70,6
70,7
70,8
70,9
70,10
70,11
70,12
70,13
70,14
70,23
70,25
70,28
70,34
70,35
70,36
70,39
70,49
70,50
70,65
70,70
71,0
71,1
71,2
71,3
71,4
71,5
71,6
71,7
71,8
71,9
71,10
71,11
71,12
71,13
71,14
71,23
71,25
71,28
71,34
71,35
71,36
71,39
71,49
71,50
71,65
71,71
72,0
72,1
72,2
72,3
72,4
72,5
72,6
72,7
72,8
72,9
72,10
72,11
72,12
72,13
72,14
72,23
72,25
72,28
72,34
72,35
72,36
72,39
72,49
72,50
72,65
72,72
73,0
73,1
73,2
73,3
73,4
73,5
73,6
73,7
73,8
73,9
73,10
73,11
73,12
73,13
73,14
73,23
73,25
73,28
73,34
73,35
73,36
73,39
73,49
73,50
73,65
73,73
74,0
74,1
74,2
74,3
74,4
74,5
74,6
74,7
74,8
74,9
74,10
74,11
74,12
74,13
74,14
74,23
74,25
74,28
74,34
74,35
74,36
74,39
74,49
74,50
74,65
74,74
75,0
75,1
75,2
75,3
75,4
75,5
75,6
75,7
75,8
75,9
75,10
75,11
75,12
75,13
75,14
75,23
75,25
75,28
75,49
75,50
75,65
75,75
76,0
76,1
76,2
76,3
76,4
76,5
76,6
76,7
76,8
76,9
76,10
76,11
76,12
76,13
76,34
76,35
76,36
76,39
76,49
76,50
76,65
76,76
77,0
77,1
77,2
77,3
77,4
77,5
77,6
77,7
77,8
77,9
77,10
77,11
77,12
77,13
77,34
77,35
77,36
77,39
77,49
77,50
77,65
77,77
78,0
78,1
78,2
78,3
78,4
78,5
78,6
78,7
78,8
78,9
78,10
78,11
78,12
78,13
78,34
78,35
78,36
78,39
78,49
78,50
78,65
78,78
79,0
79,1
79,2
79,3
79,4
79,5
79,6
79,7
79,8
79,9
79,10
79,11
79,12
79,13
79,34
79,35
79,36
79,39
79,49
79,50
79,65
79,79
80,0
80,1
80,2
80,3
80,4
80,5
80,6
80,7
80,8
80,9
80,10
80,11
80,12
80,13
80,34
80,35
80,36
80,39
80,49
80,50
80,65
80,80
81,0
81,1
81,2
81,3
81,4
81,5
81,6
81,7
81,8
81,9
81,10
81,11
81,12
81,13
81,34
81,35
81,36
81,39
81,49
81,50
81,65
81,81
82,0
82,1
82,2
82,3
82,4
82,5
82,6
82,7
82,8
82,9
82,10
82,11
82,12
82,13
82,34
82,35
82,36
82,39
82,49
82,50
82,65
82,82
83,0
83,1
83,2
83,3
83,4
83,5
83,6
83,7
83,8
83,9
83,10
83,11
83,12
83,13
83,34
83,35
83,36
83,39
83,49
83,50
83,65
83,83
84,0
84,1
84,2
84,3
84,4
84,5
84,6
84,7
84,8
84,9
84,10
84,11
84,12
84,13
84,34
84,35
84,36
84,39
84,49
84,50
84,65
84,84
85,0
85,1
85,2
85,3
85,4
85,5
85,6
85,7
85,8
85,9
85,10
85,11
85,12
85,13
85,34
85,35
85,36
85,39
85,49
85,50
85,65
85,85
86,0
86,1
86,2
86,3
86,4
86,5
86,6
86,7
86,8
86,9
86,10
86,11
86,12
86,13
86,34
86,35
86,36
86,39
86,49
86,50
86,65
86,86
87,0
87,1
87,2
87,3
87,4
87,5
87,6
87,7
87,8
87,9
87,10
87,11
87,12
87,13
87,34
87,35
87,36
87,39
87,49
87,50
87,65
87,87
88,0
88,1
88,2
88,3
88,4
88,5
88,6
88,7
88,8
88,9
88,10
88,11
88,12
88,13
88,34
88,35
88,36
88,39
88,49
88,50
88,65
88,88
89,0
89,1
89,2
89,3
89,4
89,5
89,6
89,7
89,8
89,9
89,10
89,11
89,12
89,13
89,34
89,35
89,36
89,39
89,49
89,50
89,65
89,89
90,0
90,1
90,2
90,3
90,4
90,5
90,6
90,7
90,8
90,9
90,10
90,11
90,12
90,13
90,34
90,35
90,36
90,39
90,49
90,50
90,65
90,90
91,0
91,1
91,2
91,3
91,4
91,5
91,6
91,7
91,8
91,9
91,10
91,11
91,12
91,13
91,34
91,35
91,36
91,39
91,49
91,50
91,65
91,91
92,0
92,1
92,2
92,3
92,4
92,5
92,6
92,7
92,8
92,9
92,10
92,11
92,12
92,13
92,34
92,35
92,36
92,39
92,49
92,50
92,65
92,92
93,0
93,1
93,2
93,3
93,4
93,5
93,6
93,7
93,8
93,9
93,10
93,11
93,12
93,13
93,34
93,35
93,36
93,39
93,49
93,50
93,65
93,93
94,0
94,1
94,2
94,3
94,4
94,5
94,6
94,7
94,8
94,9
94,10
94,11
94,12
94,13
94,34
94,35
94,36
94,39
94,49
94,50
94,65
94,94
95,0
95,1
95,2
95,3
95,4
95,5
95,6
95,7
95,8
95,9
95,10
95,11
95,12
95,13
95,34
95,35
95,36
95,39
95,49
95,50
95,65
95,95
96,0
96,1
96,2
96,3
96,4
96,5
96,6
96,7
96,8
96,9
96,10
96,11
96,12
96,13
96,24
96,45
96,46
96,49
96,50
96,51
96,56
96,57
96,58
96,59
96,60
96,61
96,62
96,63
96,65
96,96
97,0
97,1
97,2
97,3
97,4
97,5
97,6
97,7
97,8
97,9
97,10
97,11
97,12
97,13
97,34
97,35
97,36
97,39
97,49
97,50
97,65
97,97
98,0
98,1
98,2
98,3
98,4
98,5
98,6
98,7
98,8
98,9
98,10
98,11
98,12
98,13
98,34
98,35
98,36
98,39
98,49
98,50
98,65
98,98
99,0
99,1
99,2
99,3
99,4
99,5
99,6
99,7
99,8
99,9
99,10
99,11
99,12
99,13
99,34
99,35
99,36
99,39
99,49
99,50
99,65
99,99
100,0
100,1
100,2
100,3
100,4
100,5
100,6
100,7
100,8
100,9
100,10
100,11
100,12
100,13
100,34
100,35
100,36
100,39
100,49
100,50
100,65
100,100
101,0
101,1
101,2
101,3
101,4
101,5
101,6
101,7
101,8
101,9
101,10
101,11
101,12
101,13
101,34
101,35
101,36
101,39
101,49
101,50
101,65
101,101
102,0
102,1
102,2
102,3
102,4
102,5
102,6
102,7
102,8
102,9
102,10
102,11
102,12
102,13
102,34
102,35
102,36
102,39
102,49
102,50
102,65
102,102
103,0
103,1
103,2
103,3
103,4
103,5
103,6
103,7
103,8
103,9
103,10
103,11
103,12
103,13
103,34
103,35
103,36
103,39
103,49
103,50
103,65
103,103
104,0
104,1
104,2
104,3
104,4
104,5
104,6
104,7
104,8
104,9
104,10
104,11
104,12
104,13
104,34
104,35
104,36
104,39
104,49
104,50
104,65
104,104
105,0
105,1
105,2
105,3
105,4
105,5
105,6
105,7
105,8
105,9
105,10
105,11
105,12
105,13
105,34
105,35
105,36
105,39
105,49
105,50
105,65
105,105
106,0
106,1
106,2
106,3
106,4
106,5
106,6
106,7
106,8
106,9
106,10
106,11
106,12
106,13
106,34
106,35
106,36
106,39
106,49
106,50
106,65
106,106
107,0
107,1
107,2
107,3
107,4
107,5
107,6
107,7
107,8
107,9
107,10
107,11
107,12
107,13
107,34
107,35
107,36
107,39
107,49
107,50
107,65
107,107
108,0
108,1
108,2
108,3
108,4
108,5
108,6
108,7
108,8
108,9
108,10
108,11
108,12
108,13
108,34
108,35
108,36
108,39
108,49
108,50
108,65
108,108
109,0
109,1
109,2
109,3
109,4
109,5
109,6
109,7
109,8
109,9
109,10
109,11
109,12
109,13
109,34
109,35
109,36
109,39
109,49
109,50
109,65
109,109
110,0
110,1
110,2
110,3
110,4
110,5
110,6
110,7
110,8
110,9
110,10
110,11
110,12
110,13
110,34
110,35
110,36
110,39
110,49
110,50
110,65
110,110
111,0
111,1
111,2
111,3
111,4
111,5
111,6
111,7
111,8
111,9
111,10
111,11
111,12
111,13
111,34
111,35
111,36
111,39
111,49
111,50
111,65
111,111
112,0
112,1
112,2
112,3
112,4
112,5
112,6
112,7
112,8
112,9
112,10
112,11
112,12
112,13
112,34
112,35
112,36
112,39
112,49
112,50
112,65
112,112
113,0
113,1
113,2
113,3
113,4
113,5
113,6
113,7
113,8
113,9
113,10
113,11
113,12
113,13
113,34
113,35
113,36
113,39
113,49
113,50
113,65
113,113
114,0
114,1
114,2
114,3
114,4
114,5
114,6
114,7
114,8
114,9
114,10
114,11
114,12
114,13
114,34
114,35
114,36
114,39
114,49
114,50
114,65
114,114
115,0
115,1
115,2
115,3
115,4
115,5
115,6
115,7
115,8
115,9
115,10
115,11
115,12
115,13
115,34
115,35
115,36
115,39
115,49
115,50
115,65
115,115
116,0
116,1
116,2
116,3
116,4
116,5
116,6
116,7
116,8
116,9
116,10
116,11
116,12
116,13
116,34
116,35
116,36
116,39
116,49
116,50
116,65
116,116
117,0
117,1
117,2
117,3
117,4
117,5
117,6
117,7
117,8
117,9
117,10
117,11
117,12
117,13
117,34
117,35
117,36
117,39
117,49
117,50
117,65
117,117
118,0
118,1
118,2
118,3
118,4
118,5
118,6
118,7
118,8
118,9
118,10
118,11
118,12
118,13
118,34
118,35
118,36
118,39
118,49
118,50
118,65
118,118
119,0
119,1
119,2
119,3
119,4
119,5
119,6
119,7
119,8
119,9
119,10
119,11
119,12
119,13
119,34
119,35
119,36
119,39
119,49
119,50
119,65
119,119
120,0
120,1
120,2
120,3
120,4
120,5
120,6
120,7
120,8
120,9
120,10
120,11
120,12
120,13
120,34
120,35
120,36
120,39
120,49
120,50
120,65
120,120
121,0
121,1
121,2
121,3
121,4
121,5
121,6
121,7
121,8
121,9
121,10
121,11
121,12
121,13
121,34
121,35
121,36
121,39
121,49
121,50
121,65
121,121
122,0
122,1
122,2
122,3
122,4
122,5
122,6
122,7
122,8
122,9
122,10
122,11
122,12
122,13
122,34
122,35
122,36
122,39
122,49
122,50
122,65
122,122
123,0
123,1
123,2
123,3
123,4
123,5
123,6
123,7
123,8
123,9
123,10
123,11
123,12
123,13
123,34
123,35
123,36
123,39
123,49
123,50
123,65
123,123
124,0
124,1
124,2
124,3
124,4
124,5
124,6
124,7
124,8
124,9
124,10
124,11
124,12
124,13
124,34
124,35
124,36
124,39
124,49
124,50
124,65
124,124
125,0
125,1
125,2
125,3
125,4
125,5
125,6
125,7
125,8
125,9
125,10
125,11
125,12
125,13
125,34
125,35
125,36
125,39
125,49
125,50
125,65
125,125
126,0
126,1
126,2
126,3
126,4
126,5
126,6
126,7
126,8
126,9
126,10
126,11
126,12
126,13
126,34
126,35
126,36
126,39
126,49
126,50
126,65
126,126
127,0
127,1
127,2
127,3
127,4
127,5
127,6
127,7
127,8
127,9
127,10
127,11
127,12
127,13
127,34
127,35
127,36
127,39
127,49
127,50
127,65
127,127
128,0
128,1
128,2
128,3
128,4
128,5
128,6
128,7
128,8
128,9
128,10
128,11
128,12
128,13
128,34
128,35
128,36
128,39
128,49
128,50
128,128
128,65
129,0
129,1
129,2
129,3
129,4
129,5
129,6
129,7
129,8
129,9
129,10
129,11
129,12
129,13
129,34
129,35
129,36
129,39
129,129
129,49
129,50
129,65
130,0
130,1
130,2
130,3
130,4
130,5
130,6
130,7
130,8
130,9
130,10
130,11
130,12
130,13
130,34
130,35
130,36
130,39
130,49
130,50
130,65
130,130
131,0
131,1
131,2
131,3
131,4
131,5
131,6
131,7
131,8
131,9
131,10
131,11
131,12
131,13
131,131
131,34
131,35
131,36
131,39
131,49
131,50
131,65
132,0
132,1
132,2
132,3
132,4
132,5
132,6
132,7
132,8
132,9
132,10
132,11
132,12
132,13
132,132
132,34
132,35
132,36
132,39
132,49
132,50
132,65
133,0
133,1
133,2
133,3
133,4
133,5
133,6
133,7
133,8
133,9
133,10
133,11
133,12
133,13
133,133
133,34
133,35
133,36
133,39
133,49
133,50
133,65
134,0
134,1
134,2
134,3
134,4
134,5
134,6
134,7
134,8
134,9
134,10
134,11
134,12
134,13
134,34
134,35
134,36
134,134
134,39
134,49
134,50
134,65
135,0
135,1
135,2
135,3
135,4
135,5
135,6
135,7
135,8
135,9
135,10
135,11
135,12
135,13
135,34
135,35
135,36
135,39
135,135
135,49
135,50
135,65
136,0
136,1
136,2
136,3
136,4
136,5
136,6
136,7
136,8
136,9
136,10
136,11
136,12
136,13
136,34
136,35
136,36
136,39
136,49
136,50
136,65
136,136
137,0
137,1
137,2
137,3
137,4
137,5
137,6
137,7
137,8
137,9
137,10
137,11
137,12
137,13
137,34
137,35
137,36
137,39
137,49
137,50
137,137
137,65
138,0
138,1
138,2
138,3
138,4
138,5
138,6
138,7
138,8
138,9
138,10
138,11
138,12
138,13
138,34
138,35
138,36
138,39
138,49
138,50
138,138
138,65
139,0
139,1
139,2
139,3
139,4
139,5
139,6
139,7
139,8
139,9
139,10
139,11
139,12
139,13
139,34
139,35
139,36
139,39
139,49
139,50
139,65
139,139
140,0
140,1
140,2
140,3
140,4
140,5
140,6
140,7
140,8
140,9
140,10
140,11
140,12
140,13
140,34
140,35
140,36
140,39
140,49
140,50
140,65
140,140
141,0
141,1
141,2
141,3
141,4
141,5
141,6
141,7
141,8
141,9
141,10
141,11
141,12
141,13
141,34
141,35
141,36
141,39
141,49
141,50
141,65
141,141
142,0
142,1
142,2
142,3
142,4
142,5
142,6
142,7
142,8
142,9
142,10
142,11
142,12
142,13
142,142
142,34
142,35
142,36
142,39
142,49
142,50
142,65
143,0
143,1
143,2
143,3
143,4
143,5
143,6
143,7
143,8
143,9
143,10
143,11
143,12
143,13
143,143
143,34
143,35
143,36
143,39
143,49
143,50
143,65
144,0
144,1
144,2
144,3
144,4
144,5
144,6
144,7
144,8
144,9
144,10
144,11
144,12
144,13
144,144
144,34
144,35
144,36
144,39
144,49
144,50
144,65
145,0
145,1
145,2
145,3
145,4
145,5
145,6
145,7
145,8
145,9
145,10
145,11
145,12
145,13
145,145
145,34
145,35
145,36
145,39
145,49
145,50
145,65
146,0
146,1
146,2
146,3
146,4
146,5
146,6
146,7
146,8
146,9
146,10
146,11
146,12
146,13
146,146
146,34
146,35
146,36
146,39
146,49
146,50
146,65
147,0
147,1
147,2
147,3
147,4
147,5
147,6
147,7
147,8
147,9
147,10
147,11
147,12
147,13
147,147
147,34
147,35
147,36
147,39
147,49
147,50
147,65
148,0
148,1
148,2
148,3
148,4
148,5
148,6
148,7
148,8
148,9
148,10
148,11
148,12
148,13
148,148
148,34
148,35
148,36
148,39
148,49
148,50
148,65
149,0
149,1
149,2
149,3
149,4
149,5
149,6
149,7
149,8
149,9
149,10
149,11
149,12
149,13
149,149
149,34
149,35
149,36
149,39
149,49
149,50
149,65
150,0
150,1
150,2
150,3
150,4
150,5
150,6
150,7
150,8
150,9
150,10
150,11
150,12
150,13
150,150
150,34
150,35
150,36
150,39
150,49
150,50
150,65
151,0
151,1
151,2
151,3
151,4
151,5
151,6
151,7
151,8
151,9
151,10
151,11
151,12
151,13
151,151
151,34
151,35
151,36
151,39
151,49
151,50
151,65
152,0
152,1
152,2
152,3
152,4
152,5
152,6
152,7
152,8
152,9
152,10
152,11
152,12
152,13
152,152
152,34
152,35
152,36
152,39
152,49
152,50
152,65
153,0
153,1
153,2
153,3
153,4
153,5
153,6
153,7
153,8
153,9
153,10
153,11
153,12
153,13
153,153
153,34
153,35
153,36
153,39
153,49
153,50
153,65
154,0
154,1
154,2
154,3
154,4
154,5
154,6
154,7
154,8
154,9
154,10
154,11
154,12
154,13
154,154
154,34
154,35
154,36
154,39
154,49
154,50
154,65
155,0
155,1
155,2
155,3
155,4
155,5
155,6
155,7
155,8
155,9
155,10
155,11
155,12
155,13
155,155
155,34
155,35
155,36
155,39
155,49
155,50
155,65
156,0
156,1
156,2
156,3
156,4
156,5
156,6
156,7
156,8
156,9
156,10
156,11
156,12
156,13
156,156
156,34
156,35
156,36
156,39
156,49
156,50
156,65
157,0
157,1
157,2
157,3
157,4
157,5
157,6
157,7
157,8
157,9
157,10
157,11
157,12
157,13
157,157
157,34
157,35
157,36
157,39
157,49
157,50
157,65
158,0
158,1
158,2
158,3
158,4
158,5
158,6
158,7
158,8
158,9
158,10
158,11
158,12
158,13
158,34
158,49
158,50
158,35
158,36
158,39
158,65
